GPU

1280x800
0.0051230000
0.0052350000
0.0051650000
0.0051510000
0.0051480000
0.0051410000
0.0051540000
0.0051600000
0.0051620000
0.0051670000
0.0051590000
0.0051280000
0.0051610000
0.0051670000
0.0051400000
0.0051420000
0.0051750000
0.0051440000
0.0051660000
0.0051570000

1440x900
0.0049790000
0.0050140000
0.0049890000
0.0049790000
0.0049770000
0.0050340000
0.0049520000
0.0049620000
0.0049510000
0.0049510000
0.0049350000
0.0049530000
0.0049750000
0.0050030000
0.0049360000
0.0082650000
0.0050030000
0.0049650000
0.0049870000
0.0049690000

1680x1050
0.0079640000
0.0079140000
0.0080170000
0.0079690000
0.0079210000
0.0080070000
0.0079630000
0.0079470000
0.0079820000
0.0079090000
0.0080450000
0.0080480000
0.0079860000
0.0079720000
0.0079430000
0.0079560000
0.0079280000
0.0079750000
0.0079510000
0.0079850000

1920x1200
0.0103900000
0.0101190000
0.0103660000
0.0102170000
0.0102730000
0.0102510000
0.0103840000
0.0101660000
0.0102540000
0.0102090000
0.0101960000
0.0102270000
0.0102110000
0.0102290000
0.0102130000
0.0102530000
0.0102090000
0.0102930000
0.0102540000
0.0102100000

2560x1600
0.0178240000
0.0180360000
0.0177940000
0.0180320000
0.0176550000
0.0178520000
0.0178560000
0.0177350000
0.0176740000
0.0178290000
0.0174930000
0.0177800000
0.0177920000
0.0177950000
0.0177060000
0.0177940000
0.0177470000
0.0177990000
0.0177010000
0.0177870000

3840x2400
0.0398020000
0.0394790000
0.0395000000
0.0393620000
0.0391660000
0.0394280000
0.0396830000
0.0394730000
0.0395280000
0.0393750000
0.0396620000
0.0396510000
0.0395680000
0.0395860000
0.0395290000
0.0395940000
0.0397720000
0.0395890000
0.0394330000
0.0396000000

5120x4096
0.0892000000
0.0885750000
0.0873550000
0.0890010000
0.0891790000
0.0892950000
0.0877050000
0.0853280000
0.0866610000
0.0862630000
0.0872770000
0.0867260000
0.0866940000
0.0867910000
0.0869910000
0.0927820000
0.0867930000
0.0869190000
0.0876750000
0.0870730000

6400x4800
0.1307910000
0.1307740000
0.1280100000
0.1281390000
0.1285440000
0.1274570000
0.1273120000
0.1268810000
0.1265690000
0.1260950000
0.1265470000
0.1267990000
0.1261960000
0.1275580000
0.1262490000
0.1273720000
0.1275040000
0.1274460000
0.1265640000
0.1264340000

CPU

1280x800
0.1700220000
0.1084230000
0.1083870000
0.1096450000
0.1088240000
0.1086390000
0.1175240000
0.1084140000
0.1087060000
0.1094940000
0.1085810000
0.1085030000
0.1085350000
0.1088290000
0.1087240000
0.1258400000
0.1083840000
0.1096420000
0.1089310000
0.1344200000

1440x900
0.2156900000
0.1369330000
0.1368540000
0.1363900000
0.1382490000
0.1370780000
0.1366240000
0.1366190000
0.1380020000
0.1365920000
0.1364040000
0.1370610000
0.1376780000
0.1635140000
0.1366880000
0.1642210000
0.1364020000
0.1369420000
0.1364400000
0.1364770000

1680x1050
0.1917170000
0.1881390000
0.1877480000
0.1890090000
0.1875420000
0.1887750000
0.1883460000
0.1877670000
0.1875810000
0.1883480000
0.1876200000
0.1876500000
0.1875950000
0.1878890000
0.1875050000
0.1877030000
0.1981480000
0.1877810000
0.1876710000
0.1934850000

1920x1200
0.2641060000
0.2405260000
0.2399610000
0.2397910000
0.2405960000
0.2398190000
0.2397890000
0.2420470000
0.2396360000
0.2399860000
0.2399500000
0.2397780000
0.2399100000
0.2397970000
0.2415400000
0.2397050000
0.2396820000
0.2656930000
0.2396550000
0.2641620000

2560x1600
0.4445560000
0.4439200000
0.4443050000
0.4495270000
0.4441090000
0.4438930000
0.4444200000
0.4440680000
0.4440180000
0.4722130000
0.4440320000
0.4725080000
0.4721100000
0.4442420000
0.4703160000
0.4713380000
0.4443390000
0.4437910000
0.4445860000
0.4449270000

3840x2400
1.0126860000
0.9612590000
0.9624280000
0.9598780000
0.9611360000
0.9603880000
0.9597340000
0.9798710000
0.9613360000
0.9637830000
0.9614950000
1.0018780000
0.9593780000
0.9588950000
0.9588940000
0.9872940000
0.9869150000
0.9862080000
1.0147520000
0.9866240000

5120x4096
2.1474530000
2.1475210000
2.1453940000
2.2042790000
2.2627010000
2.1527970000
2.1607340000
2.1521680000
2.1789120000
2.1709490000
2.1507790000
2.1455190000
2.2041200000
2.2679320000
2.1746270000
2.1603050000
2.1537570000
2.1507540000
2.1506850000
2.1485720000

6400x4800
3.2045680000
3.2098580000
3.2025930000
3.2324130000
3.4360160000
3.2130730000
3.2042870000
3.2065850000
3.2085770000
3.2022770000
3.2010380000
3.2012260000
3.2007280000
3.2013830000
3.2135010000
3.2067640000
3.2080630000
3.2020440000
3.2091110000
3.2017010000
