Secuencial

img1
0.0501310000
0.0349750000
0.0349390000
0.0349530000
0.0447810000
0.0349520000
0.0349530000
0.0349670000
0.0350070000
0.0349620000
0.0349590000
0.0349640000
0.0349490000
0.0349530000
0.0351270000
0.0349460000
0.0351300000
0.0349450000
0.0355830000
0.0448430000

img2
0.0904320000
0.0438340000
0.0437680000
0.0437840000
0.0528700000
0.0437770000
0.0437820000
0.0438410000
0.0437550000
0.0438100000
0.0439050000
0.0437470000
0.0454130000
0.0438410000
0.0439780000
0.0439950000
0.0438410000
0.0439320000
0.0439000000
0.0439510000

img3
0.1517690000
0.1117110000
0.1099510000
0.1084800000
0.1083710000
0.1084220000
0.1372270000
0.1539760000
0.1663580000
0.1338420000
0.1400270000
0.1084210000
0.1909190000
0.1082550000
0.1314370000
0.1084840000
0.1086630000
0.1090080000
0.1087420000
0.1085430000

img4
0.4190060000
0.4209520000
0.4193520000
0.4208820000
0.4191650000
0.5027760000
0.4191170000
0.4199890000
0.4221270000
0.4206270000
0.4191570000
0.4224170000
0.4414930000
0.4193180000
0.4191410000
0.4193560000
0.4198050000
0.4192400000
0.4195200000
0.4191810000

img5
2.2866340000
2.3181460000
2.2949220000
2.2895270000
2.2873530000
2.2882400000
2.2908670000
2.2962890000
2.2866010000
2.2908280000
2.2906760000
2.2923550000
2.2871000000
2.2906610000
2.2867180000
2.2875640000
2.2862240000
2.2987260000
2.2922230000
2.2888610000

img6
1.6890090000
1.6805540000
1.6815050000
1.6806190000
1.6917990000
1.6800860000
1.6804710000
1.6810660000
1.6800910000
1.6809100000
1.7054690000
1.6811260000
1.6828010000
1.6826660000
1.7252910000
1.6814630000
1.6813690000
1.6820680000
1.6831810000
1.6806410000

img7
10.9399900000
10.9121570000
10.9189910000
10.9128750000
10.9116960000
10.9134610000
10.9176390000
10.9101940000
10.9104690000
10.9763460000
10.9096680000
10.9079000000
10.9289550000
10.9116800000
10.9075970000
10.9119730000
10.9091520000
10.9216220000
10.9104470000
10.9132120000

img8
7.1919870000
7.1774590000
7.1788020000
7.1816240000
7.2080350000
7.1890340000
7.1797200000
7.1836930000
7.1899720000
7.1791720000
7.1776450000
7.1861570000
7.1814840000
7.1800920000
7.1821950000
7.1816790000
7.1837870000
7.1793220000
7.1801580000
7.1804150000

img9
16.9871160000
16.9438980000
16.9315360000
16.9307590000
16.9842040000
16.9640570000
16.9274560000
16.9427650000
16.9275490000
16.9338600000
16.9439170000
16.9608590000
16.9303950000
16.9296620000
16.9311380000
16.9465630000
16.9284250000
16.9432010000
16.9611290000
16.9275030000

Constante
img1
0.0017250000
0.0017210000
0.0017640000
0.0017190000
0.0017370000
0.0017250000
0.0017290000
0.0017310000
0.0017360000
0.0017210000
0.0017810000
0.0017310000
0.0017160000
0.0017340000
0.0017740000
0.0017260000
0.0017770000
0.0017800000
0.0017220000
0.0017200000

img2
0.0020160000
0.0020350000
0.0020140000
0.0020390000
0.0020190000
0.0020180000
0.0020230000
0.0020190000
0.0020630000
0.0020220000
0.0020330000
0.0020290000
0.0020260000
0.0020530000
0.0020680000
0.0019950000
0.0020270000
0.0020180000
0.0020260000
0.0020270000

img3
0.0047890000
0.0046970000
0.0046880000
0.0047050000
0.0047200000
0.0047050000
0.0047180000
0.0046880000
0.0047050000
0.0047140000
0.0046930000
0.0047050000
0.0046960000
0.0047110000
0.0047060000
0.0046460000
0.0046850000
0.0047010000
0.0047110000
0.0047130000

img4
0.0157660000
0.0156200000
0.0156230000
0.0157390000
0.0156660000
0.0157760000
0.0158340000
0.0157620000
0.0159080000
0.0156790000
0.0157270000
0.0156740000
0.0156740000
0.0156810000
0.0157720000
0.0157440000
0.0156930000
0.0156700000
0.0156320000
0.0156020000

img5
0.0819830000
0.0828820000
0.0822530000
0.0828310000
0.0829330000
0.0822220000
0.0830300000
0.0826720000
0.0825650000
0.0822510000
0.0824650000
0.0817240000
0.0825590000
0.0823240000
0.0813560000
0.0824880000
0.0822160000
0.0827080000
0.0823600000
0.0825500000

img6
0.0595590000
0.0600960000
0.0603020000
0.0600950000
0.0593200000
0.0602370000
0.0597580000
0.0597680000
0.0597970000
0.0599640000
0.0597240000
0.0603200000
0.0602840000
0.0599340000
0.0600810000
0.0596990000
0.0598340000
0.0605050000
0.0600940000
0.0593870000

img7
0.2715730000
0.2598710000
0.2654400000
0.2630600000
0.2617860000
0.2598850000
0.2620900000
0.2652340000
0.2641060000
0.2600310000
0.2643570000
0.2625050000
0.2639460000
0.2650670000
0.2677790000
0.2667590000
0.2659020000
0.2618020000
0.2707520000
0.2694480000

img8
0.1807520000
0.1776550000
0.1775080000
0.1776070000
0.1789100000
0.1769020000
0.1766710000
0.1778170000
0.1755220000
0.1781380000
0.1781160000
0.1780320000
0.1776130000
0.1771010000
0.1762110000
0.1752050000
0.1766290000
0.1789010000
0.1754340000
0.1799040000

img9
0.4113860000
0.4125780000
0.4140060000
0.4115330000
0.4137130000
0.4112420000
0.4156840000
0.4147080000
0.4138350000
0.4148110000
0.4084840000
0.4135300000
0.4114200000
0.4086970000
0.4107740000
0.4149620000
0.4126020000
0.4148780000
0.4147780000
0.4132590000

Global
img1
0.0019170000
0.0019160000
0.0019100000
0.0019080000
0.0019190000
0.0019200000
0.0019090000
0.0019080000
0.0019130000
0.0019170000
0.0018480000
0.0019120000
0.0019130000
0.0019570000
0.0019030000
0.0019230000
0.0019270000
0.0019150000
0.0019140000
0.0019060000

img2
0.0022690000
0.0022530000
0.0022560000
0.0022570000
0.0022510000
0.0022540000
0.0022510000
0.0022650000
0.0022650000
0.0022740000
0.0022800000
0.0022670000
0.0022650000
0.0022660000
0.0022710000
0.0022610000
0.0022540000
0.0022650000
0.0022620000
0.0022770000

img3
0.0052430000
0.0052570000
0.0052510000
0.0053000000
0.0052490000
0.0052210000
0.0052810000
0.0052960000
0.0052430000
0.0052360000
0.0053110000
0.0052600000
0.0053080000
0.0052120000
0.0053480000
0.0053840000
0.0052950000
0.0052870000
0.0052870000
0.0055130000

img4
0.0177760000
0.0177400000
0.0176500000
0.0177840000
0.0178020000
0.0176560000
0.0178330000
0.0178270000
0.0177240000
0.0177080000
0.0177970000
0.0177820000
0.0177900000
0.0176910000
0.0176440000
0.0178040000
0.0178070000
0.0176980000
0.0177260000
0.0177040000

img5
0.0946560000
0.0926370000
0.0913390000
0.0907930000
0.0904280000
0.0912160000
0.0907570000
0.0908040000
0.0912510000
0.0919790000
0.0906990000
0.0918810000
0.0922010000
0.0914220000
0.0915140000
0.0914500000
0.0912640000
0.0911040000
0.0904920000
0.0914640000

img6
0.0658540000
0.0653120000
0.0667360000
0.0668150000
0.0664060000
0.0666640000
0.0663830000
0.0663270000
0.0669100000
0.0666710000
0.0664230000
0.0661590000
0.0686500000
0.0686030000
0.0682420000
0.0680160000
0.0682750000
0.0677930000
0.0683140000
0.0678950000

img7
0.3043880000
0.3110540000
0.2988320000
0.3074120000
0.3027380000
0.3097070000
0.3113270000
0.3084530000
0.3105830000
0.3087940000
0.3074420000
0.3071370000
0.3047710000
0.3057240000
0.3071560000
0.3107470000
0.3097890000
0.3144450000
0.3106710000
0.3089790000

img8
0.2092040000
0.2094140000
0.2103300000
0.2029830000
0.2055620000
0.2067190000
0.2026670000
0.2042540000
0.2075450000
0.2068670000
0.2052020000
0.2049940000
0.2053620000
0.2068110000
0.2041910000
0.2079250000
0.2058400000
0.2065790000
0.2094400000
0.2069510000

img9
0.4756260000
0.4758370000
0.4785140000
0.4833080000
0.4842530000
0.4805640000
0.4850700000
0.4814600000
0.4738410000
0.4782140000
0.4837650000
0.4756940000
0.4827140000
0.4800950000
0.4821160000
0.4791460000
0.4843070000
0.4791900000
0.4854650000
0.4809170000

Compartida
img1
0.0017700000
0.0017090000
0.0017350000
0.0017260000
0.0017270000
0.0017290000
0.0017270000
0.0017200000
0.0017240000
0.0018340000
0.0017180000
0.0017200000
0.0017260000
0.0017240000
0.0017110000
0.0017480000
0.0017190000
0.0017130000
0.0017300000
0.0017380000

img2
0.0020190000
0.0020260000
0.0020220000
0.0020660000
0.0020090000
0.0020370000
0.0020130000
0.0020160000
0.0020060000
0.0020240000
0.0020320000
0.0020400000
0.0020260000
0.0020210000
0.0020330000
0.0020520000
0.0020200000
0.0020250000
0.0020260000
0.0020310000

img3
0.0047150000
0.0047100000
0.0046620000
0.0046760000
0.0047050000
0.0047330000
0.0047190000
0.0046950000
0.0046970000
0.0046900000
0.0047010000
0.0046990000
0.0046850000
0.0046970000
0.0047100000
0.0046860000
0.0046880000
0.0046990000
0.0047180000
0.0047030000

img4
0.0156610000
0.0157210000
0.0156470000
0.0156690000
0.0157170000
0.0156400000
0.0156600000
0.0157780000
0.0155630000
0.0156540000
0.0156110000
0.0156610000
0.0156850000
0.0156620000
0.0156670000
0.0157330000
0.0155170000
0.0157070000
0.0156770000
0.0156350000

img5
0.0826820000
0.0814070000
0.0817200000
0.0818910000
0.0824660000
0.0819950000
0.0813490000
0.0810880000
0.0819770000
0.0816880000
0.0813050000
0.0825030000
0.0816430000
0.0818880000
0.0828840000
0.0820880000
0.0819390000
0.0820900000
0.0820690000
0.0818600000

img6
0.0592990000
0.0600910000
0.0600730000
0.0600640000
0.0599580000
0.0595320000
0.0599200000
0.0602090000
0.0596560000
0.0596180000
0.0600490000
0.0599440000
0.0602180000
0.0598020000
0.0599480000
0.0600220000
0.0598140000
0.0596910000
0.0601720000
0.0601280000

img7
0.3999230000
0.4018470000
0.4021920000
0.4014920000
0.4028890000
0.3987630000
0.4021960000
0.4001990000
0.4030610000
0.4031840000
0.4033440000
0.4045750000
0.4022140000
0.4079240000
0.4016290000
0.4029390000
0.4024720000
0.4027980000
0.3998120000
0.4020200000

img8
0.2674760000
0.2666070000
0.2690530000
0.2645350000
0.2706200000
0.2679720000
0.2667270000
0.2640210000
0.2633550000
0.2653540000
0.2693580000
0.2702990000
0.2671270000
0.2692820000
0.2703440000
0.2689710000
0.2699480000
0.2686780000
0.2671130000
0.2686390000

img9
0.6270850000
0.6214750000
0.6206690000
0.6259580000
0.6257380000
0.6299130000
0.6311610000
0.6235380000
0.6200540000
0.6277640000
0.6303420000
0.6330170000
0.6191850000
0.6325420000
0.6321380000
0.6284960000
0.6285770000
0.6294740000
0.6286540000
0.6302700000
